lagtime	NRF_p<2.14472|all	NRF_p=2.14472-4.29832|all	NRF_p=4.29832-6.45168|all	NRF_p=6.45168-8.61413|all	NRF_p=8.61413-11.0667|all	NRF_p>11.0667|all	se_p<2.14472|all	se_p=2.14472-4.29832|all	se_p=4.29832-6.45168|all	se_p=6.45168-8.61413|all	se_p=8.61413-11.0667|all	se_p>11.0667|all
0.333333333333333	0.00160236199116308	0.0417539445719917	0.0601959516384607	0.102083942509905	0.190702086569173	-0.0508647725205584	0.00368339580910063	0.00682337279382277	0.0103539026904919	0.0166300238360207	0.0237208280479188	0.0343964676560559
1	0.00392053236499145	0.118279692815453	0.373017837173927	0.668899306191179	0.791671007278069	1.27784357729639	0.00199081460084961	0.00368146071685349	0.00589690803542744	0.00998423317026408	0.0147031012718429	0.0218217204447935
2	0.0328130419697197	0.234521785418213	0.620739422437924	1.06393216089873	1.1779133174269	1.34995974166606	0.00206010094474463	0.00384006123350187	0.00641381494967336	0.0110670093276882	0.0163718301449421	0.0248905897102212
3	0.048862146854991	0.239142391893224	0.485565127905192	0.707200158011414	0.790229701991694	0.785921095855093	0.00209471855397787	0.00395285582386027	0.00674467455034655	0.0117882841608916	0.0174556960071565	0.0269479298221194
4	0.0587845252475379	0.20589448567382	0.372997675444766	0.492129500355541	0.525540492773227	0.452185027980642	0.00211450863925142	0.0040360380834667	0.00697192038335109	0.0122971572178274	0.0182538491267529	0.028389650990499
5	0.0621021076907437	0.17546958443411	0.285551809028536	0.381092678090416	0.381172192895515	0.289339199843071	0.00212978058567108	0.00409332574329791	0.00715245559846046	0.0126890452704548	0.0188341570484433	0.0294471571543452
6	0.0523375118473829	0.135954024130713	0.21753775513003	0.300246189461053	0.285303759756739	0.201800293602202	0.00213856443434204	0.00414592438615295	0.00726717178608123	0.0129815054547123	0.0192940496348188	0.0302211636633075
7	0.0514243641202666	0.123055651016468	0.178891097721748	0.232113781552106	0.244156062303124	0.136207194338384	0.00214411847021819	0.00418478526168334	0.007360500534541	0.0131864448091911	0.019610314060771	0.0307771816281834
8	0.0411482289320575	0.091492272121493	0.144410650032134	0.188095511954821	0.171794153304317	0.0911324063643235	0.00214856272554572	0.00421283870752205	0.00742645718315646	0.0133557477617189	0.0198355971133332	0.0311866279217033
9	0.0360164534229461	0.0731942583205736	0.128021386133059	0.171160982252514	0.116776418177954	0.0421495369347349	0.0021497432969442	0.00423599294448671	0.00747015764659073	0.0134752377520382	0.0200097394701562	0.0314960920603212
10	0.0344701085648256	0.0674343593177945	0.112179426920897	0.138255726585451	0.0925510992172538	0.0411343250452814	0.00215144819742174	0.00425270421448771	0.00750304478674748	0.0135795776475228	0.0201283061385361	0.0317282606356013
11	0.0281522486388373	0.0568008843952775	0.0887082907637752	0.110137039508065	0.0905402475103252	0.0441472650402194	0.00215152419712548	0.00426594230181295	0.00752804181545716	0.013654943646459	0.0202184349131137	0.0318987869007096
12	0.022154702922123	0.0482553293488369	0.0782354888868189	0.101078849870907	0.0946691202422374	0.0569980508744792	0.00215134698432393	0.00427511851494255	0.00754711158449553	0.0137097229899233	0.0202763330331233	0.0320300589101047
13	0.0203071172530518	0.0421207056730453	0.0687558907083634	0.0992276985486447	0.0977453185691834	0.0563346249664731	0.00215099888929526	0.00428121706584227	0.0075612832355546	0.0137554969947726	0.0203212955645263	0.0321301075908318
14	0.0212865474008504	0.0445528737284487	0.062354594428605	0.0970170523996062	0.112345763918697	0.045382659881594	0.00215117389471925	0.00428854524012668	0.00757557807740802	0.0137891648389965	0.020363229291983	0.0322054357500398
15	0.0169594142136378	0.0370064132144902	0.0511623997962906	0.0909100615846801	0.136369137249539	0.0634749946817963	0.00215127362638088	0.00429334369861789	0.00758803840881156	0.0138111424703041	0.0204025185509413	0.0322616624962798
16	0.0172012022646813	0.0400603194339133	0.0582832637139571	0.116508918525067	0.158627145582325	0.0672614554812052	0.00215078635323221	0.00429468283770564	0.00759891784420652	0.0138275645251099	0.0204423524028056	0.0323038053540036
17	0.0170013688257273	0.0405817988252118	0.0661178111580222	0.132734869517528	0.166509236015591	0.0623400702250021	0.00215072757341051	0.00429658443192776	0.00760765067013055	0.0138389963251223	0.0204757173720564	0.0323378502519071
18	0.0159636751254932	0.0326855437661111	0.051223572160962	0.0911537081949372	0.107688443449916	0.034724319778009	0.00215001577775249	0.0042961737769148	0.00761449472373895	0.0138462710716399	0.0204988419274945	0.0323627299397342
19	0.01570899875844	0.0324414175672043	0.0518491690370372	0.0691074372900927	0.0763342810273663	0.0544435724604998	0.00214986340700775	0.0042965312743285	0.00761664756086229	0.0138529706714181	0.0205179712560776	0.0323817140492097
20	0.0132048308755602	0.025048005636729	0.0341218876338553	0.0582461442559871	0.103025481073035	0.0947640492377481	0.00214926134049265	0.00429850510490519	0.00761842269069402	0.0138574380918279	0.020532770606346	0.0323972388030267
21	0.0135545551747594	0.0257000912187314	0.0390413820011454	0.0486384393630269	0.061045266211281	0.113711363624517	0.00214866362980109	0.00429895953318604	0.00761951720137162	0.0138606704113663	0.0205449178294308	0.0323782097572802
22	0.0117817510010956	0.0288025540338358	0.0354996382485924	0.0365141888042349	0.0413173259467381	0.0729885593189702	0.00214832558029874	0.00429893440696605	0.00761903039718276	0.0138613221330888	0.0205547162601377	0.0323683915346718
23	0.0126633061243919	0.0279239258311146	0.02498506729968	0.0307385563357182	0.0360309540511379	0.0506383609265274	0.00214769337151709	0.0042990342214811	0.00761783029289546	0.0138652906910119	0.0205662495583612	0.0323608575859664
24	0.0134177097963384	0.0221745917949473	0.0116937021571737	0.0388916941898541	0.0470278015241108	0.0470747243524826	0.00214689080976614	0.00429794705874308	0.00761938976869404	0.0138684929152595	0.0205720492910179	0.0323547097185051
25	0.0116190425732681	0.0171414665072008	0.013894989133038	0.0606772738229671	0.0544767798180436	0.0405749455447964	0.00214618217729009	0.00429650766048822	0.00761750929650559	0.0138707275241778	0.0205827012853405	0.0323494819758946
26	0.0115525175681531	0.0206694465372757	0.0155935539591419	0.0588292481811514	0.0608197914797771	0.0285820681082329	0.0021456283337845	0.00429487782859102	0.00761901859617254	0.0138716218493239	0.0205869167757467	0.0323444377160531
27	0.00933345128854357	0.0138817931931454	0.00834649195457864	0.0428670492755451	0.0467215459640307	0.0335483554212362	0.00214501726672002	0.00429232345831273	0.00761936772706944	0.0138727999559011	0.0205897574723407	0.0323423944757995
28	0.00845756504852541	0.00692821768842132	0.0133090146857762	0.0624232849068388	0.0524364159444597	0.0341090412588212	0.00214466092685655	0.00428981082648294	0.00761989705662947	0.0138725047880015	0.020592358208384	0.0323416693560233
29	0.0101937301674973	0.016071062427361	0.025233921840162	0.0552879065233066	0.0408500181838749	0.0412547327321734	0.0021443240078768	0.00428374071020364	0.00761790776767577	0.0138720575554683	0.020593314033557	0.0323401182582329
30	0.00937893622997253	0.0123958259661327	0.0183609462321337	0.0373224998794403	0.00855297097124435	0.0203736418210644	0.0021442747003444	0.004281371132925	0.00761681406734442	0.013868944133263	0.0205933936160748	0.032342280905635
31	0.012980929915356	0.0171548622312248	0.0179235306959176	0.0244927580455899	0.0151217371030111	0.0423178787508134	0.00214394646439239	0.00427958305430977	0.00761548168952505	0.0138664413786158	0.0205985635474968	0.0323555717012555
32	0.0108202807112204	0.0154950555786258	0.0143665333252432	0.00565841230585755	0.0188463799911567	0.0555416985255931	0.00214319759220396	0.00427817591503365	0.00761566094126407	0.0138643064919603	0.0206030468573941	0.0323650354492871
33	0.00922312867082014	0.0155079747200496	0.010648636903412	-0.00162783663711478	0.0534959646525737	0.105117211616443	0.00214313940668565	0.00427737738662241	0.00761561808119346	0.0138626462034957	0.0206044629392353	0.0323767963617295
34	0.00948367213217566	0.0142353163941944	0.00666093608198765	-0.00376084736821588	0.0370347417852555	0.122484176276378	0.0021428756515141	0.00427577028783458	0.00761375773665292	0.0138626541563443	0.0206060687134259	0.0323837140338663
35	0.00796964237521396	0.00874610206930744	0.0139644076743112	0.0210339608898185	0.0271087826349948	0.0852119050240916	0.00214268690838068	0.00427424501400877	0.00761333906987909	0.0138623053047779	0.0206071797789457	0.0323882377649927
36	0.00829398737929819	0.00890083696705759	0.0193967031067238	0.0358673171257522	0.0292474327906618	0.0553713401546452	0.00214211176384811	0.0042706230803756	0.00761091970355954	0.0138610476883917	0.0206070389908253	0.0323911405180818
37	0.00912274093582825	0.0105701861496704	0.0147064058469031	0.0266825386537833	0.0162837283487334	0.0272422058314835	0.00214167798649986	0.00427003511583114	0.00760813492735745	0.0138590471855336	0.0206054418685798	0.0323927765554407
38	0.00899631829109326	0.00901126805025206	0.00679083286266189	0.0161720212349036	0.0110562767828336	0.0215815930753077	0.00214137029365578	0.0042688737686731	0.00760246525370071	0.0138570651093343	0.020603684295306	0.0323968792154112
39	0.0101961981288331	0.00986714142243939	0.00309441286897372	0.00679700926673096	0.00481849068634955	0.00998309411025272	0.00214109397452991	0.00426863698418768	0.00759687135751481	0.013855261358476	0.0206022482379126	0.0323976581201164
40	0.0094177962498208	0.00869243506563572	0.00195836065019838	0.00512027806906845	0.00426452278955665	0.0216463521136783	0.00214081155508938	0.00426820107138934	0.00759405229763991	0.0138545049810786	0.0206009049749711	0.0323995954533236
41	0.00990003667045448	0.0133700586662088	0.0101588263736984	0.0104964767953694	0.0245180589845485	0.0797691151904698	0.00214024455699811	0.00426736041760432	0.00758977151097813	0.0138531257219669	0.020598833162347	0.0324003694900192
42	0.0104825140789411	0.0131164496322586	0.0070073064486952	0.00771620453244593	0.0277196245671926	0.0732974246035664	0.00213907307309098	0.00426508096466497	0.00758775443005414	0.0138518925023825	0.0205948497106231	0.0323997294490812
43	0.0126401867192264	0.017770364984536	0.0110867491644981	0.0146891200569305	0.0357066304950472	0.0620829875027304	0.00213762063994218	0.00426207807443097	0.00758583550063041	0.0138510001526505	0.0205927774347917	0.0323989506074337
44	0.00882958024934282	0.00854092350092203	0.00451717337231967	0.00473216445285723	0.017445812106711	0.0505406686024587	0.00213653576332631	0.00426091592735797	0.00758665013489169	0.013850237604345	0.0205879599677773	0.0323986186453985
45	0.0076400070455702	0.0096728262706549	0.0106382589751201	0.00279850882485884	0.0251725265236007	0.0766706240415425	0.00213578564635146	0.0042610356631942	0.00758592582974774	0.0138483873702766	0.0205885606430089	0.0324015050570755
46	0.00644460849265678	0.00835871407132829	0.00912533304455759	-0.00256639303577724	0.034224226432532	0.0825121867969222	0.00213268990746246	0.00426028905030171	0.007584271235951	0.0138488931329781	0.0205884005680294	0.0324029161529139
47	0.0056330470589655	0.00526435062370265	-0.00102243549917159	-0.0107311791694206	0.0255210021787925	0.0564076669498116	0.00212917321932071	0.00426055777665549	0.00758251303900788	0.0138481899412251	0.0205884515926587	0.0324037825915844
48	0.00533481753549522	0.00744791291671608	-0.000427595995642101	-0.0111897184156495	0.0134335454939547	0.0287389315245859	0.00212253880852134	0.00425828243805716	0.00758172569675041	0.0138465195446413	0.0205863104164888	0.0324023958230253
49	0.00635272504024567	0.00893535446441887	0.00422118243059218	0.00203581843612451	0.0103021310834094	0.0164884658578463	0.00210790291851869	0.00424968034329183	0.00757818042385902	0.0138414607831048	0.0205812117101688	0.0324012992281594
50	0.00614358258801113	0.0066252254157163	0.00067494590043421	-0.00323961782749131	0.00622443129695042	0.0105244031253335	0.00208360137580191	0.00423912701682625	0.00757587396938701	0.0138349286909065	0.020565491290631	0.0323710865003827
