lagtime	NRF_p<1|all	NRF_p=1-3.5|all	NRF_p=3.5-5.4|all	NRF_p=5.4-7.3|all	NRF_p=7.3-9|all	NRF_p=9-11.5|all	NRF_p>11.5|all	se_p<1|all	se_p=1-3.5|all	se_p=3.5-5.4|all	se_p=5.4-7.3|all	se_p=7.3-9|all	se_p=9-11.5|all	se_p>11.5|all
1	9.56416495000232e-06	0.0237753254737641	0.072627774555383	0.1280825822614	0.18308869223736	0.255167873067404	0.600904509336524	0.000255717694944752	0.000406370686931125	0.000700612886417072	0.00106095151840069	0.00151829204116327	0.00174463336828188	0.00239625802810041
3	-0.0010760030617691	0.02763985946337	0.0856160499111597	0.141354097727795	0.194387130574179	0.25254150676326	0.595787684764908	0.000158503105205694	0.000246914683532067	0.000472574536406244	0.000755446722016389	0.00111247030105002	0.00127599758259985	0.0017453064582684
6	-0.00034181051555435	0.0338871660290328	0.0916082015156122	0.139602520108519	0.191461974474877	0.236848271475465	0.505481110718295	0.000172267515104002	0.000267930929488684	0.000545991953245115	0.000892540255990316	0.00133581712943968	0.0015218861656832	0.00207691715753818
9	0.00141006351638176	0.0360071221325196	0.0867814838682211	0.123902344760992	0.162488103808198	0.192893179417589	0.397367858976815	0.000179276580753358	0.000279340202118128	0.000590336914750529	0.000976600695345325	0.00147769581377022	0.00167737769664051	0.00227927460418496
12	0.00305982158642225	0.0350256370883318	0.0793436364198476	0.105527511195113	0.129743772727129	0.15138976403635	0.31673255724819	0.00018347259830421	0.000285823584921258	0.000618052910504143	0.00102811012547614	0.00156918348970537	0.00177430401648201	0.00240544796994557
15	0.00414368473936067	0.0328774325271145	0.0707508351869945	0.0897439096896693	0.109462897876685	0.128867216803233	0.256243069762596	0.000186025003214835	0.000289655599351173	0.000635664995100068	0.00106097629791503	0.00162697255610018	0.00183530900855894	0.00248709726314026
18	0.0048006134010217	0.0294776205256167	0.0602637950969081	0.0761429375825417	0.09077668450162	0.101546508975212	0.216504429863486	0.000187576635620101	0.000292132972243344	0.000647291195780826	0.00108184632301368	0.00166468985644056	0.00187742612154341	0.00253009991353218
21	0.00493131907061343	0.0262865489354626	0.0509330539121662	0.0656614873489348	0.0758348659590769	0.0799099759267843	0.192413676648118	0.000188547281871669	0.000293987070699036	0.000654853489628563	0.00109517163788	0.00169036311127908	0.00190628678882677	0.00255710139853043
24	0.00460173495047274	0.0234088887625827	0.0443134102129968	0.0541700797397992	0.0617505992143751	0.065986266599018	0.157793217612157	0.00018912502837105	0.000295163829495398	0.000659559290826044	0.00110428191536077	0.00170752604083018	0.00192578649832909	0.00257458802927527
27	0.00443243100122806	0.0204615908677384	0.0385512560658751	0.0455870387166153	0.0492942377222087	0.0555780042722607	0.125404900684146	0.000189527590144623	0.000295902361286364	0.000662762841701787	0.00111060163955404	0.00171875831037399	0.001938994039038	0.00258637068615477
30	0.00447384862047059	0.0182226375122253	0.0329771575954109	0.0380056892808815	0.0417556361385254	0.0497790589491484	0.104336417994969	0.000189821165680359	0.000296468098653489	0.000664590666602628	0.00111474882659927	0.00172644057935335	0.0019481105159616	0.00259476798918462
33	0.00440903440904688	0.0164844778764319	0.0280120242908391	0.0315034841455409	0.0344218119490303	0.0441340994887137	0.0860617781390669	0.000190042673582087	0.000296825736367034	0.000665854015290709	0.00111763865988762	0.00173174552024528	0.00195392222239326	0.00260065472923296
36	0.00440446007728834	0.0152025298271266	0.0252243240111679	0.0289031916381895	0.0306223704948947	0.0408526393556901	0.070827936144177	0.00019016507999127	0.000297054898623455	0.000666651996960968	0.00111952079808484	0.0017351946124187	0.00195772648781821	0.00260451209541272
39	0.00417300386104888	0.0132562482558561	0.0214072131550082	0.0246362825099359	0.0256933321316303	0.0352258651859323	0.0615023234957261	0.000190260041203108	0.000297158865755046	0.000667211737028352	0.00112091913667808	0.00173748769078921	0.00196031509887303	0.00260708164752959
42	0.00413523702044994	0.0120355354023761	0.0187169999760159	0.0211982282245333	0.0208047147179005	0.029670983707664	0.0520841209256679	0.000190316018882714	0.000297219843851689	0.000667615833446714	0.00112184332964949	0.00173914834438326	0.00196192008842368	0.00260904165493123
45	0.00404388185250851	0.0107825455906361	0.016537191189095	0.018463075344456	0.0180099728935859	0.0257867969867722	0.0416551704820924	0.000190359018688463	0.000297289106644987	0.000667889080050866	0.00112248994377155	0.0017402275071619	0.0019630105144663	0.00260969979486827
48	0.00367557939526408	0.00893962561646715	0.0135006844664345	0.015705913613699	0.0162208313497033	0.0221447880240926	0.0380099722487667	0.000190397507288019	0.000297341422715288	0.000668020945726638	0.00112288869711412	0.00174100633542536	0.00196377497447579	0.00260995845443543
51	0.0034745578129045	0.00807702617270728	0.0122845380462281	0.0150068912249859	0.0148639617307179	0.019587643984784	0.0329281074051017	0.000190421657276655	0.00029738544826499	0.000668105262859017	0.00112309579980959	0.00174149005295123	0.00196420483417429	0.00261008525859679
54	0.00302159447931163	0.00718737578445625	0.0108610110849747	0.013155613716045	0.0132075091093494	0.0174007842175609	0.0262051697009153	0.000190439327573169	0.000297406057015041	0.000668137876948362	0.00112326136865474	0.00174181215829486	0.00196440576464184	0.00260998499417307
57	0.00293584896003193	0.00655428798731563	0.00961122765582413	0.0118665122188492	0.0122294417868921	0.0156495970257171	0.0223305061711459	0.000190463254043843	0.00029742307202304	0.000668166512591137	0.00112335705553449	0.00174201886593898	0.00196451100789375	0.00260981298163003
60	0.00263838802663232	0.00576211923452868	0.00871938654608197	0.0102147588503507	0.0100994100483533	0.0132521380665316	0.0177286118984519	0.000190476218173702	0.000297429546754814	0.000668187153424995	0.00112338821908314	0.0017421561425978	0.00196462614838327	0.00260972305065127
63	0.00263881307453833	0.0056103856077466	0.00787990132329718	0.00996297847252672	0.0101409200895611	0.0130496562620098	0.017661208630643	0.000190471549656243	0.000297421694975057	0.000668182208107584	0.00112337809541049	0.00174222261808089	0.00196474329441408	0.00260957283813808
66	0.00229687933859356	0.00502685134096783	0.00677931942128692	0.00858241193061878	0.00901244068589185	0.0120269411892755	0.0155729741556095	0.000190480359683934	0.000297425176152717	0.000668208732556415	0.00112337460538047	0.00174225535955724	0.00196481389907465	0.00260930563297563
69	0.00192066203557932	0.00435769926199008	0.00627582974505765	0.00813291775333356	0.00878436369275467	0.0114079429484743	0.0147732298062476	0.000190496538946969	0.000297425734867281	0.000668237391528281	0.00112337257694033	0.00174221976772595	0.00196492059040246	0.00260912688640657
72	0.0022120792946254	0.00452350765807684	0.00579447863992225	0.00731862350058272	0.0082888405328335	0.00960368525915245	0.0125411450900574	0.000190496895167267	0.000297428976153917	0.000668279690763242	0.00112338970542388	0.00174223929453642	0.0019649702054608	0.00260907875483928
75	0.00216481418193995	0.00384932400779461	0.00530855484888404	0.00609474217357042	0.00791638861744955	0.00994392479144506	0.0140687636540904	0.000190490349243874	0.000297396116265677	0.000668284427703878	0.00112338519670874	0.00174221320016951	0.00196497891915958	0.0026090391923654
78	0.00188733361944091	0.00357215333581551	0.00433387848425406	0.0042034005649605	0.00693871160990346	0.0083288523049528	0.0163728656125602	0.000190494712590782	0.00029738587539285	0.000668284865460559	0.00112333890194763	0.00174213172300271	0.00196496687734963	0.00260901953536788
81	0.00189573877403055	0.00317364547242059	0.00403806895183878	0.00469735241386704	0.00601737288458124	0.00775937879333816	0.013876931381857	0.000190503653009759	0.000297376827304148	0.000668286167660741	0.00112331104609714	0.00174209697358589	0.00196498163850468	0.00260887000647383
84	0.00188604206940541	0.00329796803588065	0.0041150016063091	0.00507432133014892	0.00602439096028317	0.00715747875079818	0.00992921610640245	0.000190498594208107	0.000297347811637461	0.000668283763177351	0.00112325984435209	0.00174211575524626	0.00196495746481815	0.00260852412770619
87	0.0018743366176943	0.00296171016761385	0.00243919799737731	0.00364635457697167	0.00532342435847324	0.00593058685474936	0.00696749687693649	0.000190486546366435	0.000297329314230404	0.000668292241814293	0.00112323371427718	0.00174215497485191	0.00196497147896972	0.00260816172226741
90	0.00178313567445988	0.00303013390969203	0.00260610671136382	0.00412531888587129	0.00645050494669227	0.00594260621574638	0.00740837100683856	0.000190475735642103	0.000297313442394323	0.000668290980704037	0.00112316719704381	0.00174219011139915	0.00196498753018866	0.00260792251831854
93	0.00161925419193221	0.00247910448310131	0.00179843384980066	0.00293819455781872	0.00603520672873674	0.00530736249803789	0.00422745916073531	0.00019047386291276	0.000297315441196483	0.000668296184309572	0.00112312949763885	0.00174223812367952	0.00196501789496477	0.0026077123982162
96	0.0014246994435127	0.00238036561150732	0.00197111707618985	0.00218931719128557	0.00482540659403564	0.00477339037337587	0.00271219103615017	0.000190469981723777	0.000297309588431324	0.000668341420661264	0.00112315022810445	0.00174223748053269	0.00196502933048261	0.00260757141901552
99	0.00137583976317111	0.00223741790992319	0.00251667349177198	0.00280335829647075	0.00374316028048337	0.00372725735058778	0.00268456507905664	0.00019045734005282	0.000297310715054446	0.000668411345686602	0.0011231676524452	0.00174217982426498	0.00196504899662903	0.00260740699155566
102	0.00135654933461448	0.00217760908713885	0.00296237220672085	0.00379369937119151	0.00328381206144916	0.0028549289142785	0.00272240335468991	0.000190429367673709	0.000297273535925881	0.000668506356042891	0.00112317706920028	0.0017420471246658	0.00196505796840315	0.00260733015427837
105	0.00127243548612342	0.00195676696680961	0.00374144043549367	0.00526623015991823	0.00351353968064789	0.00271742891649125	0.00268777570862351	0.000190389884561292	0.000297230425468845	0.000668583917472941	0.00112321282355956	0.00174193737290065	0.0019649792234465	0.00260727962662586
108	0.00122320944564943	0.00189671498652471	0.00309169958053199	0.00420626714784187	0.00247987903856329	0.00213133264809684	0.00242734955980614	0.000190339859501145	0.000297184438347654	0.000668611565936582	0.00112321251574917	0.00174164365078911	0.0019646526936102	0.00260722769881397
111	0.00127738924061151	0.00184056156924889	0.00227545190577207	0.00306832325023931	0.00228872429662903	0.00230019383216256	0.00247069455451742	0.000190263199283655	0.00029712737688322	0.000668589709385625	0.00112313130717643	0.00174141024288766	0.00196393453256342	0.00260506853254682
114	0.00161839876611885	0.00225870841738812	0.00216339783633787	0.00334522801350593	0.00305364212517407	0.00296086965784307	0.00265921344805589	0.000190126664950554	0.000297025218731818	0.000668559923621038	0.00112282852586174	0.00174115795945083	0.00196340165314273	0.00260336745513602
117	0.00141361164765111	0.00210329633460332	0.00221873588744564	0.00291517747028446	0.00194723590897662	0.00183679762887475	0.00317839581861942	0.000189906025551185	0.000296806374407251	0.00066845091578068	0.0011224494610144	0.00174084073508925	0.00196306805627245	0.00260236180135792
120	0.00138791145310854	0.00199175064246255	0.00190122277129156	0.00211640707391499	0.00080531658189048	0.000930701600606221	0.00259458099350245	0.000189448609691836	0.000296196342026133	0.000668159606598009	0.00112208254677795	0.0017403008224517	0.00196269314549274	0.00260166983238989
