lagtime	NRF_p<2.40381|all	NRF_p=2.40381-4.81333|all	NRF_p=4.81333-7.24129|all	NRF_p=7.24129-9.65761|all	NRF_p=9.65761-12.4928|all	NRF_p>12.4928|all	se_p<2.40381|all	se_p=2.40381-4.81333|all	se_p=4.81333-7.24129|all	se_p=7.24129-9.65761|all	se_p=9.65761-12.4928|all	se_p>12.4928|all
0.333333333333333	1.25369575512435e-05	0.0372784402783554	0.0595388527371918	0.141799757082705	0.134499672322237	-0.034511990108548	0.00303640257029305	0.00606584884155273	0.00978262320734316	0.016856065580871	0.0223348075256915	0.0315799273473251
1	0.00772674165615617	0.14199896265096	0.430982942834282	0.64853904186797	0.576304128762021	1.25823908529895	0.00164137787543807	0.00325117722559592	0.00571526469150674	0.0103413169897219	0.014242937936043	0.0204081526145513
2	0.0427300375133746	0.269963672478239	0.718515989741218	0.995511151181654	0.839654421342151	1.31067758008617	0.00170354031735887	0.00338980851301114	0.00637125573811165	0.0114709670433203	0.0163007942107049	0.0234583246904454
3	0.0567695511365602	0.263846412846379	0.553421546158561	0.666687419541581	0.585610434735022	0.791771004275465	0.00173272857958845	0.00348978252089731	0.00677451127086077	0.0122893924892095	0.0177126795871288	0.0255596299939246
4	0.0626485834121035	0.227156146634229	0.41929863950812	0.455174120974836	0.391571430028008	0.447790526279654	0.00175057115960552	0.00355883229596446	0.00708269919209101	0.0128995743713825	0.0187225151905047	0.0270789470370111
5	0.0661896411679139	0.195122593928787	0.32248296336459	0.350284791067859	0.29008995611041	0.318875290180924	0.0017620701769436	0.00361135147403719	0.00731706312631534	0.0133663228182184	0.0194906343035843	0.0281257688148913
6	0.0512957073643343	0.148255008366018	0.247225265469022	0.26431334855358	0.223584857171079	0.287036448614281	0.00177040918793332	0.00364656721494299	0.00747394628353724	0.0137189378497742	0.0200804945457469	0.0289231186743448
7	0.0478291685105226	0.130494212708522	0.192748711731512	0.211730284133613	0.191711281605839	0.155722833286958	0.00177528365138219	0.00367682956261375	0.00759526835355033	0.0139775898049524	0.0205330733466264	0.0295102097764872
8	0.0388117529870652	0.102282796681915	0.15581176141472	0.171570591938846	0.138297688128624	0.113166645666164	0.00177959644746121	0.00369789988313117	0.00768843842994344	0.0141804589703688	0.0208403293039547	0.0299622903710804
9	0.0344821802907814	0.0854176596370081	0.141734946429996	0.148423185939582	0.0874016311953123	0.069742581356514	0.00178118907280675	0.00371531663416186	0.0077540655882501	0.0143357889027795	0.0210859041292607	0.0303084260478869
10	0.0319109754466252	0.0773920648262401	0.119550388331955	0.112389574670409	0.0730545701494549	0.056595474998725	0.00178265949317221	0.00372779310246427	0.00780827174361948	0.0144674233322595	0.02126428061328	0.0305724730805167
11	0.0267285291009227	0.0651948327753883	0.101553981794835	0.0960065682380594	0.0728111363858832	0.0611625225125351	0.00178332981241544	0.0037372627828947	0.00784681205833784	0.0145683378217681	0.0213762030637233	0.0307700275399782
12	0.0219308235165383	0.056704901278592	0.0974183136008397	0.0853984672873423	0.0645274224071162	0.0707309555432131	0.0017834341177374	0.00374503388266565	0.00787336507486638	0.0146476976945619	0.021449122794583	0.030918782975541
13	0.019439244168381	0.0482429743479633	0.0887039038851447	0.0874797046389105	0.0497988976022483	0.0553709114313041	0.00178370739014456	0.00374905309306265	0.00789569842755613	0.0147134917578281	0.021506972224584	0.0310363814282679
14	0.0214363094870719	0.0491676846483492	0.0842357454190407	0.0993299193778058	0.0598012649005413	0.0412395182743524	0.00178409506137294	0.00375488826476409	0.00791429244795453	0.0147634817132916	0.0215557363494674	0.031123909213853
15	0.0177719938753186	0.0405005387179146	0.0708251591452483	0.102046600786004	0.0893756864956329	0.0466682777812984	0.00178429367037036	0.00376029741746999	0.00793084482272352	0.0148019679248432	0.0215989517651594	0.031192339845241
16	0.0183338725038992	0.0435552919814437	0.0783389181311551	0.121252671612856	0.100043518819033	0.0456841977574203	0.00178415767559437	0.00376460889369907	0.00794392676701445	0.0148343374287894	0.0216386923660126	0.0312440519453757
17	0.0180066582908546	0.044531449103285	0.0854643235689945	0.134173783944856	0.0985343685662132	0.0354736232444417	0.00178412888150797	0.00376819696418574	0.00795331015468412	0.0148596214892981	0.0216697960779444	0.0312860322588679
18	0.0157195244909824	0.0368840457246741	0.0634565078436384	0.0950734014295862	0.0676708001497102	0.0156165555680927	0.00178345913130355	0.00377022521967563	0.00795986619475865	0.0148786717865912	0.021693955426742	0.0313177994716109
19	0.0143287674808909	0.0377523513740522	0.0586227527370315	0.0701816746318439	0.0570702603467437	0.0350488902785376	0.00178341222149716	0.00377167876639908	0.00796415093596255	0.0148952410694511	0.0217135374508043	0.0313421824925892
20	0.0127371099059123	0.0323543497053563	0.0413497012533277	0.0685419502427962	0.0861393584200387	0.0642219248232344	0.00178326048942232	0.00377375264624275	0.00796643659757932	0.0149085814935145	0.021729143364788	0.031362497679572
21	0.0133956616062423	0.0330038169829572	0.0476201873821132	0.0408445661881564	0.0401889553808998	0.100678950145751	0.0017834987733942	0.00377539495063073	0.00796824578529586	0.0149192516749748	0.0217418091044656	0.0313544743396984
22	0.0112272267320471	0.0336697360159947	0.0441256231642088	0.0273121823961737	0.0158479809323124	0.0683280808204166	0.00178372686199353	0.00377567576720812	0.00797036298369912	0.0149254540320045	0.0217566941702331	0.0313517342130406
23	0.0135238197184098	0.0344505793751257	0.0343315360945476	0.0319895040081529	0.0179999776543016	0.0457633987689658	0.001783954242398	0.00377682795024413	0.00797129694505514	0.0149322398046996	0.0217716753605415	0.0313500488627564
24	0.0139532926616015	0.0268315997616374	0.0238947412665722	0.0326108913651056	0.013828717324852	0.0351715239123387	0.00178408246016224	0.00377671239607848	0.0079737546466816	0.0149403405986887	0.02177970319918	0.0313498247446198
25	0.0124108422762026	0.0232272615321947	0.02891164012808	0.0400067812423918	0.00352034211517871	0.0315898982540988	0.00178416039089483	0.00377602873269492	0.00797400478064024	0.0149486345679446	0.0217875272971612	0.0313481031726813
26	0.013047723454106	0.0249447747637085	0.0241076526508618	0.0462334337471099	0.0119461706083196	0.0137250315591612	0.00178423903999411	0.0037757747930574	0.00797572158512042	0.0149546572798738	0.0217919489075443	0.0313469245126185
27	0.0103165203930974	0.0176001137310598	0.0115348729959911	0.0447334490113712	0.0234733362081916	0.0171852762195476	0.00178398982954479	0.00377464663000417	0.00797716172948109	0.0149579112941402	0.0217935862585151	0.0313458988284073
28	0.00825451044500625	0.0106574783198676	0.025841475103964	0.0516893498649514	0.00620053230356463	0.0180788449703804	0.00178410612227787	0.0037739030706487	0.0079790536782416	0.0149603300397596	0.0217931575140737	0.031346020399459
29	0.00950531235882743	0.0161560560627097	0.0323029315490878	0.0347171769254866	-0.00189674889906602	0.0301600988657037	0.0017840999255771	0.00377062769794192	0.00797988516233062	0.014960711192707	0.02179270387941	0.0313457106963766
30	0.00920583724739929	0.015090808580218	0.0256360089575959	0.0213388555147343	-0.0211748328442206	0.0161002967887418	0.00178587026794672	0.00377025445013589	0.0079809736425858	0.0149606952386215	0.0217932559917461	0.0313460410815472
31	0.0113163454924422	0.0191874908273411	0.0211076930861184	0.0107727274925543	0.00198474587231466	0.0319254938402574	0.00178747688934109	0.00376957492254602	0.00798139024681538	0.0149612178221674	0.0218009202606921	0.0313507751132768
32	0.00980815695963501	0.0174960174180186	0.0132351746767275	-0.00344785886906407	0.0236106160984864	0.0492603102626031	0.00178819396144322	0.00377043393368175	0.0079825924525246	0.014961771831242	0.0218067411694043	0.0313538049653343
33	0.00888339087082883	0.016697196023251	0.00910066594608593	0.000670605478814051	0.0628116720770841	0.0887070115777706	0.00178835980672561	0.00377059653128054	0.00798235734030697	0.0149622734465934	0.0218100485222415	0.0313610384742045
34	0.0094528689978674	0.0147427070477759	0.00604397178392398	-0.00176008708366961	0.0322030484273654	0.0987693362185851	0.00178839989169452	0.00377163251884383	0.00798222816499028	0.0149624269792414	0.0218120414170962	0.0313638551509883
35	0.00801100149066205	0.0122517762054017	0.0183824670515801	0.0140840764825038	0.00821344083947233	0.0661091664318418	0.00178854300563743	0.00377033589538059	0.00798157554108617	0.0149625635106756	0.0218142869941238	0.031365684909432
36	0.00771759507676056	0.013108599717481	0.0240547996653562	0.0261479772320805	0.0130563836468465	0.0313113253230712	0.00178802594671091	0.00376718767079197	0.00797994049618986	0.0149610115924746	0.0218148207522348	0.0313663136251937
37	0.00848709428814546	0.0129786056711216	0.0171906211385836	0.0181814720878388	0.0042439817481366	0.00497275155089005	0.00178791149287636	0.00376609872589269	0.00797743763832468	0.014961015563191	0.0217811866229138	0.031361073513924
38	0.0089417937660405	0.0102506524845249	0.00687438802948267	0.00797315810264303	0.00124497316125327	0.0133870578199511	0.00178754488457136	0.00376558417064382	0.00797379265455734	0.0149604005632784	0.0217607708948511	0.0313604013634279
39	0.00945454042366222	0.00961183803079165	0.000117101644360992	-0.000720827130120465	0.00154896633737038	0.00110939181601183	0.00178769407975164	0.00376536036605534	0.00797052148100698	0.0149597355048585	0.0217434577341641	0.031357853823611
40	0.00934548771141175	0.00897836749490578	0.000123286275379707	0.00483569839228423	0.00864507639096836	0.0191796781798314	0.00178766015385601	0.00376507460643836	0.00796866470756356	0.0149589934555412	0.0217285466411097	0.0313568504014972
41	0.0101879485567921	0.0135781172923689	0.00573491881923808	0.0111499989370487	0.0323896391124612	0.0697901953526113	0.00178763738993671	0.00376493587662374	0.00796663872774182	0.014958611682786	0.0217133483944769	0.0313548257983411
42	0.0106963420054479	0.0128830618296986	0.00102549871164239	0.0114474431922401	0.036950757583512	0.0628315364592745	0.00178737766721817	0.00376382848556579	0.00796596915595998	0.0149581288294705	0.0216992723921463	0.0313544454730958
43	0.0127068261664848	0.017037593060366	0.00514759365729125	0.0255993506694254	0.0378194058220567	0.0399455434731452	0.0017864895837116	0.00376373841083507	0.00796490263678678	0.0149583867719174	0.0216901220549305	0.0313537872501379
44	0.00876688660864366	0.0104350216280632	0.00317323468954196	0.0124158691901402	0.0250672155934293	0.0461877908509138	0.00178579959440988	0.0037652993449699	0.00796474782588545	0.0149557748952629	0.0216768175089476	0.0313533520838453
45	0.00779727781180813	0.00988538099502548	0.00802722752717726	0.00300189768411413	0.0304266456843996	0.075120881054573	0.00178530868134476	0.00376790686250225	0.00796346149800174	0.0149563003807497	0.02167074249571	0.0313545825155207
46	0.00580647309529279	0.00621714334579632	0.00373253068653624	0.00364118463340592	0.0319149508661141	0.066888164994261	0.00178370188577053	0.00376947222919698	0.00796262862250225	0.0149568309121328	0.0216668564461655	0.0313543297556863
47	0.00533878217716323	0.00507031382112125	-0.00470160832120632	0.00640201487252865	0.0243702324953141	0.0381679413015119	0.00178107075710401	0.00377045518939026	0.00796029148217476	0.0149551075967117	0.0216646852887533	0.0313509373741001
48	0.00579800904625062	0.00798486950819561	-0.00639652930678878	0.00370998851239494	0.0132149207163963	0.0109395858975235	0.00177640365527896	0.00376908754679179	0.00795948056616967	0.0149507451893309	0.0216618728273082	0.031348238851765
49	0.00666552815069657	0.00977173254578013	-0.00222716105853502	0.00848412810582185	0.00101709511567556	-0.00418810076586544	0.00176286348815696	0.00375952977325826	0.00795478136668251	0.0149407636721788	0.0216549551567478	0.0313450128215952
50	0.00684297709990394	0.0078724240020006	-0.00592751823634097	0.00653439151974486	-9.97380344701683e-05	-0.0140888575215298	0.00174395002167594	0.00375071025173135	0.00795129666650577	0.0149259224548017	0.0216386036850048	0.0313223261464329
