lagtime	NRF_p<1.301|all	NRF_p=1.301-2.608|all	NRF_p=2.608-3.921|all	NRF_p=3.921-5.233|all	NRF_p=5.233-6.543|all	NRF_p>6.543|all	se_p<1.301|all	se_p=1.301-2.608|all	se_p=2.608-3.921|all	se_p=3.921-5.233|all	se_p=5.233-6.543|all	se_p>6.543|all
0.666666666666667	-0.000638637689399742	0.0053587348541175	0.0164568749895729	0.0284224513914689	0.0518671929155467	0.0287564547182332	0.000781300364709895	0.00131262810930406	0.00193994195252979	0.00308892124344643	0.00390657517348331	0.00641536390756718
2	0.000511120980091595	0.0166053311045448	0.0461680408694989	0.0801178267005178	0.143679142172982	0.13011576580528	0.000472562116090974	0.000791921282572163	0.00127361051135928	0.00210031712060307	0.00272517722384216	0.0046508448673428
4	0.00312397829383522	0.0320732482724545	0.0838312202854759	0.129256629464455	0.198118435467716	0.177392364902535	0.000512722308612426	0.000863798016837618	0.00146391176713186	0.00244037598910441	0.00321604619056371	0.00557630504316107
6	0.00459781870466029	0.0353891898703568	0.0789024534323151	0.101145434273863	0.133116141550788	0.097201049000299	0.000534699739287588	0.000906634837968079	0.00159060311110091	0.00265359652129507	0.00352541436077243	0.00616803665664494
8	0.00723645263191092	0.0327946550652797	0.0630939577014067	0.0791090649154029	0.0943894831184615	0.0574301601811294	0.00054709442722864	0.000934614856945313	0.0016718837274206	0.00279114470005932	0.00372818625985139	0.00656266439490384
10	0.00732260002976521	0.0266226408598688	0.0477507032495143	0.0587058900060772	0.07377633330026	0.0461396495416595	0.000554380513702478	0.000954438441542131	0.00172681260175578	0.00288688532901119	0.00386645686242268	0.00682903155812289
12	0.00662078108594042	0.0218987174425123	0.0378697466272354	0.0429595737092768	0.0642765500154559	0.0449509666272464	0.000558546195688697	0.000968470252597485	0.00176408148498974	0.00294893653764778	0.00396192441691532	0.00701198681539669
14	0.00598253831412351	0.0191412687735896	0.0313605325462722	0.0326147645478438	0.0608753261913656	0.0451123762390837	0.000560127852801024	0.000979177131439394	0.0017896946216445	0.00299335735047918	0.00403517370522519	0.00714299523793121
16	0.00504642723111001	0.0170323416431833	0.0276019967185908	0.0306483041424669	0.0540799697082352	0.0332986594800291	0.000561324778415133	0.000986185083849732	0.0018102398066753	0.00302615463138174	0.00409144544619396	0.00724045044253733
18	0.00483094389674059	0.0162507609685726	0.0249324393574856	0.0278393822945893	0.0517601862060964	0.0279659900954642	0.000561683596134294	0.000990217735949108	0.00182519493609027	0.00304572365800156	0.00413446735548578	0.00731172501543564
20	0.00555190957875945	0.0156272077157045	0.0199926967306346	0.0275540512756887	0.0474207212477581	0.0135868245337113	0.000562024711990539	0.000992333410292153	0.00183665497447816	0.00305787709151573	0.0041630199792227	0.00735439768650317
22	0.00420878206697019	0.0133120225616461	0.0156125360337694	0.0254151457025768	0.0419150229690519	0.00678964710973665	0.000562111580242933	0.00099386837624706	0.00184652637968162	0.00306334565540565	0.0041835525103687	0.00738018841491338
24	0.004083852528914	0.0116716844211474	0.0129192514936349	0.020866587414861	0.042388907815569	0.0150782308147027	0.000562239241944273	0.000995572382575505	0.00185209641793049	0.00306720857354126	0.00419839672212343	0.00739950365230633
26	0.00317059251835362	0.00944566734459846	0.0092229896340854	0.0140871279076712	0.0442906443853061	0.0255006255622428	0.000562005428642377	0.000996989278366958	0.00185629756534082	0.00307066991580359	0.00420841109028448	0.0074146453431324
28	0.00318103665613968	0.00967906271532606	0.0122513469753324	0.0129505000800094	0.0361028195444188	0.0215514568916186	0.000561812593186309	0.000997669889734279	0.00185779468400165	0.00307213081333655	0.00421582158087416	0.00742722998043013
30	0.00318929960708776	0.0102257184878242	0.0117657820861105	0.0100561053649391	0.0264324785030476	0.00778804058266087	0.000561720934733515	0.000997545930272766	0.00185830644082301	0.00307332372529974	0.00422123570090857	0.0074358049348669
32	0.00301267847016733	0.0102154662393415	0.0110011935625908	0.00914105285344369	0.0191430596561968	-0.00311067951235517	0.000561319899166582	0.000997401331665731	0.00185862972226118	0.0030748272976289	0.00422413338399831	0.00743502881809806
34	0.00347721116383694	0.0111457517606124	0.0103785831540803	0.00781909442484408	0.0187474913062312	-0.00119614244455664	0.000560944375859573	0.00099747660187315	0.001858834337681	0.00307610088606801	0.00422504318394414	0.00743199559253532
36	0.00334212221740561	0.0110536663894469	0.00846345642385847	0.00554867486087607	0.0166879633727379	-0.00301482508730654	0.000560808034069129	0.000997629458506945	0.001859356517621	0.00307679937662241	0.00422544769071335	0.00742922451045676
38	0.0039018377149919	0.0111018911258091	0.00820141681357771	0.00620041886414679	0.0137749403512947	-0.00689436828307921	0.000560818128726004	0.000997848327515793	0.00185970042442112	0.00307767816291838	0.00422617986178046	0.00742664982057398
40	0.00381422702734814	0.0100289226845907	0.00763784728497128	0.00590348622722596	0.0117053654079925	-0.00105994376203219	0.000560817671161727	0.000997850816531025	0.00185998427046011	0.00307814468321717	0.00422684628231112	0.00742472409114415
42	0.00293372812159365	0.00748115238470971	0.00547398566634213	0.0046003085308967	0.00907595172566596	-0.000856428374437402	0.000560878684531592	0.000997706226057016	0.00186066834145332	0.0030785368523227	0.0042276045724265	0.00742325382422371
44	0.00267061848039131	0.00767144806071523	0.00542569106036146	0.00486488948242358	0.0113585056585506	-0.0013917415319414	0.000560920109324394	0.000997394266544138	0.00186258472057196	0.00307902182821132	0.00422858166079421	0.00742218098097338
46	0.00280041336204062	0.00770491215250592	0.00646202167403113	0.00707715056916512	0.0106288757918606	-0.00368259139403293	0.00056119690211318	0.000996633817002656	0.0018653586681132	0.00307954881511744	0.00423099429417364	0.00742221050824074
48	0.00337200620788617	0.00891966277914849	0.00738747293084949	0.00201684420250153	0.0130764661923206	0.0153779993944295	0.000561332053604971	0.000996138078314774	0.00186947492268157	0.00307975421671369	0.00423309031762091	0.00742331144526474
50	0.00275828824000161	0.00872180348953959	0.00772629313213465	0.00112011885927336	0.012639567370928	0.0140115757202421	0.000561420014204541	0.000995897073914021	0.00187411283220082	0.00308003513794091	0.00423497563720776	0.00742611252563386
52	0.00152124149772854	0.00601334849492544	0.0073993856000689	-0.000192427130736299	0.00669046740794828	0.000131430645839141	0.000561291600961255	0.000995535375742894	0.00187677407889963	0.00308008675555746	0.00423723554896559	0.00742924149425295
54	0.00286940761182964	0.00827463347073416	0.0123748659742008	0.00388777665695624	0.0105937815258134	0.0083197422590005	0.0005609769661696	0.000994995914708933	0.00188109939299979	0.00308014227090166	0.00423933350559253	0.00743147217010014
56	0.0023795429552226	0.0061220295753223	0.00764825081043944	0.00388701779001403	0.0108649247872904	0.00312920476295739	0.000560431081689643	0.000994438846334377	0.00188350889223203	0.00308144426951352	0.00424129454990219	0.00743283149937814
58	0.00207096845146948	0.00566399032555692	0.00696668196869873	0.00351931272674806	0.00941210776377695	0.00170629268520158	0.000559305843157964	0.000993567185316994	0.00188391345001449	0.00308230872505807	0.00424274432827144	0.00739274332916735
60	0.00221135641934201	0.00653774151823949	0.00790427684006951	0.00458377609006081	0.00849717377176499	7.87472138018656e-05	0.000557262392447461	0.000992508164749742	0.00188218971353116	0.00308214742223985	0.00424390684743948	0.0073441020033735
